+905531983575
5517124844
+905050366080
05050366080
05050366070
05325780621
5466812724
05071036632
05385913470
5397851062
5325168160
05436767137
+905531983575
05376826718
5397851062
05336243861
05456366965
05446482445
05427190713
5517124844
05380906945
5345142911
5303089314
05375508301
05050366080
05522674755
5318530757
05050366080
05050366080
5317781521
5345871435
5541427292
05423601232
05522523696
5071933815
05452117249
05459773268
5340740086
05523449290
05442399662
5530305196
5457222054
05331404525
5523
05336867119
026486
5374572152
05537435932
5376162708
05050746770
05301155823
05059205322
05551416211
05457271177
05392759605
5535934304
05422846658
05377212961
05300722111
05534433069
05411445589
5415328216
05442352503
05530241556
5456954556
05453163443
5530662146
5352606811
5397474687
5393945321
05530977092
05535895258
05467790300
5309187209
05526656020
5366608173
5428479002
05013658220
05446352003
5534186941
05070618661
5331614839
05514421383
05370327560
05441925100
05375855193
5332310912
+905432809762
05357468068
05071692938
5419155782
5372567314
5316104448
5076432998
5558990526
5532784602
05533385685
5056686655
05396638107
05070300260
5396638270
5349148807
05415358402
05305273857
05413429734
5060248609
5071741787
05054952003
05451194338
05380651915
05427753816
05424225035
(507) 137 8507
5366608173
5346896009
5054726809
5522703990
05368821660
5414384707
05415277580
5062399576
5412647294
05435035730
05343746438
5307116629
905524384347
05462927128
+905519050001
08342918350
5013651609
5345720181
5373301470
05532976397
05320537104
05303907805
5322917173
05535029251
05532967323
05061671135
5511348894
+905063993323
05524000281
05425803476
05436093654
5050388120
5533531922
5398355611
02316251607
05376503805
05492462467
05462337003
5418412245
05439667686
05545605477
05078907681
05325402908
280101026
5337144046
05059834301
05464535537
05457996463
05354030614
5070550258
05524855898
05437223033
05535616580
05523490392
5078354145
5439434529
05364845503
05050625160
05458047427
05458710791
05352193344
05539773171
5396702852
05533195444
05324669446
5353005415
5436240572
05350287866
05531257494
(505) 004 8053
05071998572
05448094351
5376804813
05320672583
5327450088
5306548612
05541515004
5061352377
05053238745
05512549259
5060679091
5308584619
05058615232
05323222753
5539341135
5345124506
05550633298
(553) 921 46 92
5364672027
05388325072
05510070276
05436440564
05056918025
05537166810
5519795125
05303688526
5059805362
05369964306
05462115616
05070633062
5511378437
05061794107
05528559231
05396502932
05070720644
05079042686
05535586302
5378283685
05368169505
5456197014
5357418758
0533 781 8927
5055539027
05511326261
05536778398
05530597735
5342876001
05522359705
05522307652
05522740756
05388661007
05452548166
5340692192
05304322636
05511998520
05336388238
05300253932
05436484933
05449151133
05010030873
05078798559
05380234520
05376783447
5360749198
05392469163
05318540424
05059566499
5537357677
05438983470
05531910807
05454196880
05317212211
5458113135
05454259806
05416130834
05344724116
05539243805
5061118377
05522780312
05537040905
05327859625
5072233002
05335602310
05387901804
5454549245
05519563705
5444138194
05398439787
05434062085
05427137197
5453992439
05462274672
5079057770
05309775724
05358592004
5389811639
05538552850
5416477542
5395024735
5360618961
05066087161
05424199917
05339739120
05053211204
5464603369
05511511221
05511255752
05336198279
05313411165
05059967476
5010413791
05050292176
5070028497
05052323740
5059762175
5465611005
05442248804
05318813076
05379716672
05070559802
05511087170
05382268717
05444115273
05535179773
05423847247
05533420904
+905522289551
5418129261
(541) 370 6695
5071402250
5307068122
05467415019
5393020587
05059882809
05522283031
05531525735
5300439594
05442654407
05352447451
5362231678
300202080
(551) 181 93 42
05373318983
5056626968
05309456924
05433304516
05532046265
05366952581
5347009883
05452814460
05510223516
05360701103
5424468187
5372818246
(545) 624 88 25
5358254347
05372938705
05465469931
05309584986
05051059515
05363770461
05324529987
05469749734
+48531024566
5558791412
05535225871
5461425988
05415958807
05415369022
05060285123
05466753684
5530267911
05370360994
05078899244
(553) 223-3420
5511813424
05380471914
05052072720
0 543 364 05 12
5057076503
05073207442
05454622534
05318805479
5541882005
05412641875
05301283248
05348747848
5375033506
05348512456
05074877392
05050259394
5538604196
05415528635
5011095717
5345201522
05073396953
05060694944
05514393763
5415972591
05310807731
5415972591
05375544243
05394554277
5549690203
5511069913
5443473783
05415523236
05052327216
05535693701
534 747 99 12
05318160143
5377365215
05053689564
5091405082
05411306694
0(551) 131-8760
5536724580
05310123539
+994773087586
05380533582
5454481289
5383907212
5398867881
+905056716589
05530288949
+905412526041
5309491203
05394559109
05352790037
05374914640
5459106554
5304039106
05396267004
5414653998
05300471828
05306409096
05532640087
05330520400
05336493599
05061654866
5077745742
05523035111
5397703586
5331328780
05073565096
05443016439
05555966595
5423832257
05057078285
05545415802
5551401696
05318322429
5348345891
5551401696
05317138401
5079083813
05070955322
5439265011
5393742735
05522126333
05061545248
05522126333
05389842335
5051374044
05346813104
05340806273
05065066688
05415345378
05535842075
05334050925
05073013677
05364512992
05376060037
05382809868
05395029050
0(533) 949-0722
05051286983
05447635147
05550225881
05437191400
05523055935
05531708335
05346761535
05422943975
5531313225
5444072420
05374801424
05468995686
05366007361
05525057175
5324584537
05380521203
5511034852
5541478263
05540087594
5446911827
05519546071
5301013576
05423398898
05416206400
05530991490
5330289688
05050296153
05462428703
05464984241
05437691184
05392616594
05538467139
05388214423
05379964496
5428957862
05302542461
5459454872
05059950371
05316283994
5395173963
05332296802
05367056388
05535808751
05345112782
05459066913
05436990679
05319427740
05387729648
05452705236
5522708028
05071784174
5415864088
05537727031
05050509112
05438231962
05434099084
5462501727
05432738840
05511867015
5053262102
05525756182
05070241450
05394887879
5061797207
05323656549
5446904728
05056843816
05356448858
5330275831
05312141169
5327816461
05428932067
05530113461
551-023-8137
5443546998
5373053263
(505) 978 84 70
05364652411
05074963693
05368535775
05346376048
5467656208
05367189063
05070299190
5056621252
05422772142
5458384978
05530632710
05458134557
05462004883
0532 590 65 48
05455441774
5308944835
05462320019
5366789808
5061165192
5468153807
05418426266
05532155372
05350407229
5439152550
05304897004
05523393725
5327984604
05340338515
05059724013
05551086168
05519562993
05333992562
5320670357
05339755384
05059713500
5309022836
5449790200
05324848504
5453550557
05359214099
05537690699
5548664000
05346494830
5061520386
05331270271
5535812560
05535200106
5333433405
05415337695
05446276071
5050763196
05054267790
05452325136
5524616921
05300493421
05357272639
05379303100
5073121377
05522369461
05050097424
05331415009
05524421763
5303539535
05363356634
5050589347
05541299759
05539184454
05534658131
05387640087
05465879261
05309520879
5078885005
5522766031
05530619617
05436343330
05071016058
05362741819
05534568001
05531194177
05422368927
5444886585
05456973474
5414108575
5334249619
05378219234
5456276098
05359214027
5417796700
5464672667
5549608180
05303830773
300201060
5078258287
05523483548
5331977650
5531482964
05050171078
05320000000
5510414899
05050153334
5526273640
05532988784
05368934059
05454458203
05375729688
05061556321
05051573690
05061461064
05534325819
5385139599
5438257074
05468655865
05456456980
05458427488
05380780860
05369223020
(538) 527-6494
05305929003
5330579960
5388245672
05061694786
+905437678779
5052086434
05337390224
5434227432
05510204504
5316731512
(506) 173-8176
5369622329
05388286203
+905465442852
05441405340
5060511667
(544) 730 39 67
5061640447
5434993697
05071937918
5365085389
05373277199
5070961208
null
300301026
05385255850
5070328434
05423068266
5415032270
05394153423
05516507948
05379999652
5459165078
05074929311
5464958178
05313291924
(553) 095-38-35
539 660 57 38
05453348724
05426941775
05066271793
05388918444
05436205948
5545313596
+905522903683
05334304787
05396126188
5376115459
5393589933
5533600175
05435649048
05512099711
5061075607
5456292875
05462150946
5444074059
05302415003
5434034178
05530489930
05317659596
05343936743
05533205530
05458442468
05062963580
05530091614
5522631371
5522631370
5522631370
05352725854
5538570500
05373989099
5059963828
5061083930
05494041222
0543 272 43 15
05331643607
545 307 08 39
05307715047
05459646787
300104043
5541904268
05314987946
05548336163
5376935047
5380870158
05531673708
05301784670
05303091549
05385139151
5422070782
5056442777
05058052435
05389362108
05443275518
5076754769
05464003212
5533473087
05336337729
5357005177
+905078540551
05357406315
05067798430
5359221786
05375570557
05511136883
05462275515
0553385613
05380618659
5061460293
5380507869
05325051990
05303713542
5534641986
05378483626
5456751079
05078718624
5525982932
5535813838
05061784370
5348866926
05512437803
5530160575
05538781518
5362909267
5522284760
05050460622
5378720025
05372430059
05555491443
05376493003
05319412315
5538059786
05421372003
5308775697
05443419014
05510578968
05384450453
05364541497
05464505360
05051186569
05451232775
05352878292
05326084001
05330420702
5353617678
05530162207
05373165540
05384739553
5433628224
5385231454
(505) 001-6476
5415861910
5374172929
5300696416
5061356869
5465261925
0507030 49 81
5346036893
05050931185
5302408591
05352146163
5051036393
5313906675
05414635777
05457817201
05436945766
05519895005
05466737388
05397361803
05457801787
5456456532
05379161321
5531452707
05070267315
5535012612
5397487601
5376461904
5455172638
05302809134
5061134199
05376903504
5319143599
05537444094
05066906292
5538042088
05304153482
05434248318
5398592357
05550867258
05060496103
05510518420
05456270878
5445227824
5510141392
5532880349
05372244670
05466834293
05533639751
5071415300
05539714834
5530851043
05511260551
05324473004
05535677374
05511378177
5398218425
05453384341
05437261901
5060644627
5372577646
05517060264
05071501104
5319500214
05416710343
5372687799
05396638256
5313543532
5398262120
05354762665
05345882412
5393463633
05514333772
5051497852
05364478377
05052070554
05415149345
05531752708
05417655686
5528474417
5321777603
5362655705
5352247383
05535195719
05051224505
5382644208
05362655706
5365240233
05389820612
05316920028
05326675614
05522323180
05306869746
5466057693
5308572644
05522330698
05428341812
5467944248
05462844751
5059748002
05511002651
05319800564
05536564375
5370284666
05545561874
05394014210
05365158634
5342202091
5075636432
05468930250
05538768468
(507) 003 55 42
05535788173
+905066354654
05070804933
05535522382
5452183113
553.823 97 50
542 215 38 88
5078445804
05455369400
5074490313
(541) 262 94 46
5535030110
05356606625
05413376101
+905315635656
5393451193
5056248489
05308725145
05309491002
5536019767
05375732848
505 094 27 40
05071444688
05537687303
5070222982
5326054667
5332824500
05462573740
5059760685
05380779312
5522452420
05511320132
05539030769
05383523122
05346888742
05525117936
5347128833
05467873631
05078940569
0553 324 74 97
05050435360
05522242004
05537477502
05432921364
05419525909
5517124844
+905050366080
+905531983575
05050366070
05050366080
05325780621
5466812724
05385913470
5325168160
05071036632
5397851062
05436767137
+905531983575
05456366965
05376826718
5397851062
05336243861
05380906945
05446482445
05427190713
5517124844
5303089314
05375508301
5345142911
05050366080
05050366080
5318530757
5345871435
05522674755
05050366080
5317781521
05522523696
05551416211
5071933815
05423601232
05452117249
05459773268
5340740086
5530305196
05523449290
05331404525
5541427292
05442399662
05336867119
026486
5457222054
5376162708
5523
05537435932
5374572152
05050746770
05059205322
5535934304
05301155823
5456954556
05457271177
05392759605
05377212961
05300722111
05422846658
05411445589
05534433069
5415328216
05453163443
05442352503
5309187209
5397474687
05530241556
5393945321
5530662146
05535895258
05530977092
05526656020
5352606811
5534186941
05467790300
5366608173
05013658220
05446352003
5331614839
05070618661
5366608173
05514421383
5428479002
05370327560
5332310912
05375855193
+905432809762
05357468068
05441925100
05071692938
5372567314
5316104448
5419155782
5076432998
5558990526
05533385685
05396638107
5532784602
05070300260
5396638270
5056686655
05305273857
05415358402
5349148807
05413429734
5060248609
05054952003
05451194338
5071741787
05427753816
05424225035
+905519050001
05380651915
(507) 137 8507
5522703990
5054726809
5346896009
05368821660
05343746438
05415277580
5062399576
5412647294
05435035730
5307116629
905524384347
05462927128
5414384707
05320537104
08342918350
5345720181
5013651609
5373301470
05532976397
5322917173
05078907681
05303907805
05535029251
05532967323
05061671135
+905063993323
5511348894
05425803476
5050388120
05524000281
05436093654
5398355611
02316251607
05492462467
05376503805
280101026
5533531922
05439667686
05462337003
5418412245
05523490392
05545605477
05059834301
5337144046
05325402908
05354030614
05524855898
05464535537
5070550258
05457996463
05535616580
05437223033
5078354145
5439434529
05364845503
05533195444
05458710791
05050625160
05352193344
05531257494
05539773171
05458047427
05324669446
5353005415
05320672583
5396702852
05350287866
(505) 004 8053
5436240572
05071998572
05448094351
5306548612
05541515004
5061352377
5376804813
05512549259
05053238745
5327450088
5060679091
05550633298
5059805362
5308584619
05058615232
05323222753
5345124506
5539341135
05396502932
(553) 921 46 92
05510070276
05436440564
05056918025
05537166810
5364672027
05388325072
05061794107
05369964306
05070633062
05303688526
5519795125
05462115616
05528559231
5511378437
05079042686
5378283685
5444138194
5456197014
05368169505
05535586302
5357418758
0533 781 8927
05511326261
05536778398
5342876001
05530597735
05070720644
05522307652
05522740756
05388661007
05304322636
5340692192
05452548166
05336388238
05300253932
05436484933
05522359705
5055539027
05449151133
05078798559
05376783447
05380234520
05392469163
5360749198
5453992439
05318540424
05438983470
5537357677
05531910807
05317212211
5458113135
05454259806
05416130834
05454196880
05344724116
05539243805
05010030873
05327859625
5061118377
05537040905
05511998520
5072233002
05335602310
05059566499
05387901804
05398439787
05519563705
05462274672
05427137197
05336198279
05434062085
5079057770
05358592004
05309775724
5059762175
05538552850
05066087161
5416477542
5360618961
5395024735
05424199917
05339739120
5464603369
05053211204
5389811639
05511511221
05511255752
05444115273
05313411165
05059967476
5010413791
05050292176
05318813076
5070028497
05052323740
5465611005
05442248804
05379716672
05070559802
05382268717
05511087170
5549690203
05533420904
+905522289551
05535179773
5056626968
5418129261
(541) 370 6695
05423847247
05467415019
5307068122
05059882809
05522780312
5393020587
05522283031
05531525735
05442654407
05352447451
5362231678
300202080
(551) 181 93 42
05373318983
05366952581
05309456924
05433304516
05465469931
5347009883
05532046265
05452814460
05510223516
05360701103
(545) 624 88 25
5424468187
5372818246
05372938705
05309584986
05051059515
05363770461
05324529987
5558791412
05469749734
5461425988
+48531024566
05415958807
05535225871
5358254347
05415528635
05370360994
05466753684
05060285123
5530267911
(553) 223-3420
05078899244
5511813424
05380471914
0 543 364 05 12
05052072720
05415369022
5057076503
05318805479
05073207442
05454622534
5541882005
05412641875
05301283248
05348512456
05348747848
5454549245
05050259394
05074877392
5375033506
5538604196
5345201522
5011095717
05073396953
05060694944
05514393763
5415972591
05310807731
5415972591
05375544243
5443473783
05394554277
05052327216
05535693701
5511069913
05318160143
534 747 99 12
5300439594
05411306694
5377365215
0(551) 131-8760
5536724580
05310123539
05053689564
05380533582
+994773087586
5383907212
+905056716589
5454481289
05530288949
05374914640
05394559109
5398867881
5309491203
05352790037
+905412526041
05443016439
5459106554
5304039106
05300471828
5414653998
05532640087
05336493599
05061654866
05330520400
05306409096
5077745742
5331328780
05396267004
05073565096
05523035111
05555966595
05316283994
05416206400
05057078285
5423832257
5551401696
05545415802
5348345891
5551401696
05415523236
05318322429
05070955322
05317138401
5071402250
5079083813
5439265011
5393742735
5091405082
05061545248
05522126333
05389842335
5051374044
05346813104
05340806273
05065066688
05415345378
05334050925
05535842075
05364512992
05073013677
05376060037
05382809868
05395029050
05051286983
0(533) 949-0722
05531708335
05447635147
05550225881
05523055935
05437191400
05346761535
5444072420
05422943975
05374801424
5531313225
05468995686
5324584537
05525057175
05366007361
05380521203
5446911827
5511034852
5397703586
05522126333
05519546071
05540087594
5301013576
05423398898
05530991490
05392616594
05050296153
5330289688
05462428703
05464984241
05437691184
05538467139
5459454872
05388214423
05379964496
5428957862
05302542461
05059950371
05367056388
5395173963
05071784174
05332296802
05436990679
05459066913
05345112782
5522708028
05319427740
05387729648
05535808751
05050509112
05432738840
05537727031
5415864088
5462501727
05438231962
5327816461
05434099084
05511867015
05394887879
5053262102
5541478263
05323656549
5061797207
5446904728
05356448858
05056843816
5330275831
05530113461
05070241450
05312141169
05525756182
5373053263
551-023-8137
05452705236
5056621252
05074963693
05428932067
(505) 978 84 70
05368535775
05070299190
05346376048
5458384978
05364652411
05458134557
5467656208
05530632710
05455441774
0532 590 65 48
05350407229
05462004883
5443546998
05422772142
5308944835
5366789808
05462320019
05367189063
5439152550
05532155372
5327984604
05304897004
05523393725
5468153807
05519562993
05059713500
5061165192
05333992562
05418426266
05551086168
5320670357
05340338515
5333433405
5449790200
05339755384
5309022836
05324848504
5548664000
05331270271
5061520386
05359214099
5535812560
05537690699
05535200106
05415337695
05054267790
05059724013
5050763196
05300493421
05446276071
5524616921
05452325136
5073121377
05357272639
05379303100
05331415009
05050097424
05522369461
05524421763
05363356634
05346494830
5050589347
05541299759
5453550557
05309520879
05465879261
5303539535
5522766031
05387640087
05530619617
05436343330
05531194177
05362741819
05071016058
5078885005
05534568001
05422368927
05456973474
5414108575
5334249619
05378219234
5417796700
05359214027
5549608180
5456276098
5464672667
05303830773
5331977650
5078258287
300201060
05523483548
05050153334
5531482964
05050171078
5510414899
05320000000
5526273640
05061556321
05532988784
05368934059
05454458203
05375729688
05305929003
05051573690
5438257074
5385139599
05468655865
05061461064
05456456980
05534325819
05458427488
5060511667
05380780860
05369223020
(538) 527-6494
5330579960
5388245672
05061694786
5052086434
05337390224
5434227432
05510204504
(506) 173-8176
5316731512
+905437678779
05388286203
+905465442852
5369622329
05441405340
(544) 730 39 67
05373277199
5061640447
5434993697
05071937918
300301026
null
05385255850
5365085389
5070961208
05423068266
5070328434
05074929311
05394153423
05379999652
5459165078
05313291924
05426941775
05516507948
5415032270
(553) 095-38-35
539 660 57 38
05453348724
05066271793
5545313596
05388918444
+905522903683
05396126188
5376115459
5464958178
05334304787
05436205948
05435649048
5533600175
05462150946
5393589933
5456292875
05512099711
05534658131
5444074059
5061075607
05530489930
05302415003
05317659596
5434034178
05530091614
05062963580
05458442468
5444886585
05343936743
05533205530
5522631370
5522631371
5538570500
5061083930
05352725854
0543 272 43 15
5541904268
05331643607
05539184454
545 307 08 39
300104043
05494041222
05314987946
05531673708
5376935047
5380870158
05373989099
05548336163
05459646787
5522631370
05303091549
5059963828
05058052435
05301784670
05464003212
5422070782
05385139151
5056442777
05443275518
05336337729
05389362108
5533473087
+905078540551
5357005177
05357406315
05067798430
05375570557
5359221786
05462275515
5076754769
5380507869
0553385613
05511136883
5534641986
5061460293
05078718624
05380618659
05303713542
05378483626
5535813838
5456751079
05061784370
5525982932
5530160575
5348866926
05512437803
05538781518
5362909267
05307715047
5378720025
05050460622
05372430059
05555491443
05421372003
05319412315
05384450453
5538059786
05330420702
05464505360
05443419014
5308775697
05376493003
05364541497
05352878292
05326084001
05325051990
05530162207
5385231454
05384739553
05510578968
5353617678
05373165540
5433628224
5415861910
5300696416
05451232775
5465261925
0507030 49 81
5313906675
(505) 001-6476
5061356869
05050931185
5051036393
5374172929
05414635777
5302408591
05466737388
05352146163
05457817201
5346036893
05436945766
05051186569
05379161321
05397361803
5456456532
5397487601
05519895005
5455172638
05070267315
5319143599
5535012612
05457801787
5531452707
5538042088
5376461904
05376903504
05304153482
05302809134
5061134199
05066906292
05434248318
05510518420
05550867258
5445227824
5522284760
5532880349
5398592357
05537444094
05456270878
05060496103
05533639751
5510141392
05466834293
5530851043
05539714834
5071415300
05511260551
05324473004
5398218425
05372244670
05453384341
5060644627
05511378177
5372577646
5393463633
05535677374
05517060264
5319500214
05437261901
05396638256
05354762665
5398262120
05345882412
05417655686
05514333772
5051497852
05052070554
05416710343
05364478377
5372687799
5313543532
05415149345
5382644208
5528474417
5321777603
5352247383
5362655705
05531752708
05535195719
05051224505
5365240233
05362655706
05522323180
05326675614
05316920028
5466057693
05306869746
5308572644
05389820612
05428341812
05522330698
05536564375
05071501104
05462844751
05511002651
05545561874
05319800564
5370284666
5075636432
05394014210
5467944248
5342202091
05468930250
05535788173
05535522382
05538768468
+905066354654
(507) 003 55 42
05070804933
5452183113
5059748002
553.823 97 50
542 215 38 88
05356606625
05455369400
5078445804
(541) 262 94 46
5074490313
05413376101
5535030110
5393451193
+905315635656
05365158634
05308725145
05309491002
5536019767
505 094 27 40
05375732848
05071444688
5070222982
5332824500
5059760685
05462573740
5056248489
05380779312
5326054667
05511320132
5522452420
05346888742
05537687303
05539030769
05467873631
05050435360
05078940569
5347128833
05525117936
0553 324 74 97
05522242004
05419525909
05537477502
05383523122
5326162040
5330461154
05348941646
5531175901
05515553033
05535014304
05432921364
05385808625
5337804462
05522921487
05061868558
05324529650
(505) 980 17 40
545 829 4886
05069137102
05494232133
05551415801
5356840655
561341947
05317145480
5061615931
(538)-815-20-35
05054299763
05447795651
05053602505
(543) 465 97 23
05316108892
